81 1987
81 212 500
386 1169 200
26 166
239 64
364 219
886 18
365 386 498
26 1061
84 1123
14 28
271 1286
801 358
365 1207 766
301 1134
405 476
162 623
556 575
620 446
173 174
79 81
946 207
1134 301
1106 258 1954
311 33
652 26
365 1147
175 339 65
559 175
111 885
80 3161
110 284
578 616
414 3090
351 2521
2175 52
168 65
443 7
311 64
334 802
65 351
81 338
173 554
112 172
7 280
799 284
112 159
175 30
259 429
668 38
359 150
103 802
392 405
1902 647 84
1289 1403
224 2042
100 38
2188 103
2202 2188
522 523
81 36
2374 166
595 37
26 1883
75 2188
955 38
241 178
461 754
317 310
556 26
507 27
28 14
21 1728
26 128
221 222
500 81 212
338 81
187 165 45
1877 1567
332 331
1403 311
165 1177
173 168 1142
114 115
706 2162
2331 162
560 179
1813 368
607 38
212 34
365 1954
79 132
386 2162 998
251 980
476 2541
341 550
500 175
820 1707
175 339 29
1188 1189
532 178
70 754
26 101
1142 26 754
216 1757
690 526 65
94 998 386
980 103
960 961
1136 334 802
292 775
2154 1759 212
2066 103
138 139 100
14 45
65 392
37 595
355 26 7
998 376 378
368 82
84 921
365 1285
2397 365
28 27
351 12
65 580
7 1693
239 18
52 365
358 364
18 239
358 162
281 282
32 207
32 209
833 103
2240 1135
52 38
1728 365 1599
620 1000
100 88
128 209
727 251
1142 26
173 747
1631 594
208 392
55 868
26 754
1719 952
215 364
65 414 415
297 803
1439 412
859 1079
1987 81
607 64
366 175
318 754
250 979
334 802 1136
141 506 5
952 1719
225 29
166 338
533 657
1277 46
914 166
138 394 7
147 7
753 1590 365
1394 365
172 92 112
26 365
470 429
38 224
813 441
1533 7
476 208
754 1075
173 1142 168
498 386 365
221 455
7 219
998 80
82 657
36 108 103
84 36
576 220
263 149
333 27
220 429
212 2174
100 139
38 224 100
100 339
26 355
338 339
503 823
83 326
623 162
463 85
754 225
1759 212 2154
306 45
138 618 18
94 998
7 331 332
92 559
754 1099
39 26
386 620
668 365 26
159 331
522 523 365
7 652
159 338
100 789
2162 2163
228 38
974 258
983 346
216 666
212 408
1693 7
652 7
251 7
162 1883
65 526
408 515
586 103 259
2271 103
3 26
373 99
1142 81
81 116
175 27 224
103 2154
7 220
88 624
1000 365
187 165 166
258 1954 365
499 220
365 877
259 29
10 455
2919 753 1590
2174 103
36 81
162 616
700 2141
854 1142
36 84
7 251
1487 1093 1034
88 100
377 216
1162 175
43 5
441 365
166 187 165
81 79
1341 1034
99 373
526 32 323
372 668
373 103
2260 2174 212
754 461
84 292
2154 1599
657 82
492 258
3 877
2188 556
616 578
358 625
2210 365
188 27
365 2210
26 1568
1684 657
2326 523
811 208
427 188
277 823
607 38 100
138 394
2227 103
491 166
476 405
724 725
1800 365
548 111 1167
64 239
220 166
166 914
29 65
429 356
181 100
200 1169
331 159
175 339
216 595
1061 306 7
1870 259
595 335
277 121
556 2188
594 220
93 92
1049 1048
668 1911
175 366
1790 224
29 207
7 21
138 372
1099 754
166 279
159 365
100 175 339
2163 386
913 162
1904 1433
771 149
7 476
365 386
392 208
331 332 7
533 523
172 32
998 216
27 224
339 175
224 38 100
220 386
7 1061 306
103 492
31 32
1599 259
26 556
159 356
507 7
26 518
100 586 38
92 112
701 7
7 443
376 378
280 7
153 51
34 103
73 128
27 175 224
172 112
2042 259
103 272
727 45
365 366
36 356
365 165
65 29
103 1321
365 26 100
65 1040
1061 26
65 26
220 2188
290 532
1169 386
29 259
521 998
207 29
800 64
29 254
225 29 254
115 212
225 29 259
188 213
224 38
365 159
2163 2162
1902 647
1403 46
526 111 1167
138 338
80 998
1404 1877
2154 595
57 27
172 32 207
255 2141
1120 460
18 754
1304 162
103 254
209 32
760 81
103 259
111 1167
668 372
166 220
2042 224
1828 65
364 652
64 607
77 103
178 532
1583 65
323 1408
829 188
464 2095
200 26
207 946
9 150
3209 2271
351 33
365 330
92 152
1207 766
259 1870
339 754
166 491
376 2402
279 166
7 99
173 1034
249 1375
38 586 100
685 1628
56 237
2188 2202
148 466
1590 872 325
81 79 132
514 64
181 576
428 49
1389 162
99 7
272 103
1123 84
2135 917
365 1859
364 685
515 408
128 101 26
620 1269
685 649
1389 176
277 45
484 37
526 65 690
2154 365
886 84
1759 212
65 168
365 586
110 2521
38 27 80
365 316
78 38
549 32
138 618
103 77
82 129
175 559
3090 259
339 338
351 65
175 176
666 1401
493 232
480 961 611
38 607
365 1250
100 52 38
138 165
755 149
121 277
49 343
789 466
766 365
260 100
9 99
306 1061
1628 685
586 38
34 81 212
386 1169
138 685
0 253
404 599
960 961 611
766 1207 365
175 100
103 53
103 259 586
872 325
173 383
138 150
341 323
1135 2240
998 386 2162
607 64 38
27 1
939 940
994 620
1814 1814
100 365 224
187 292
666 216
367 56
1093 1034
356 429
1129 230
343 891
1151 7
311 1200
254 29
109 110
65 127
175 121
18 258 1954
1093 488
138 549
355 26
341 344
1403 606
961 611
258 1954
103 34
414 36
365 1219
505 409
168 1142
1509 2136
138 139
906 907
38 64 607
458 755 149
580 65
484 1752
292 419
414 415
1200 311
364 219 7
82 368
1188 1229
85 463
891 343
567 95
162 342
80 27
81 212
286 592
1907 377
2185 100
339 2154
437 258
27 57
176 175
138 52
802 441 207
877 3
2188 220
357 323
754 578
166 26
175 728
466 1046
1 27
310 317
365 1000
755 149 458
2271 1135
138 46
2352 258
365 52
523 522
209 128
27 28
620 338
620 339
2402 376
1478 666
258 1284
51 153
26 65
7 394
2162 2163 386
2210 38
165 45
116 81
310 146
129 82
611 961
515 108
394 7
361 914
101 26
103 29
1177 165
998 386
245 175
367 32
2436 212
2154 103
2195 356
365 30
219 26
1289 1403 311
224 2199
7 476 323
139 100
361 620
872 325 1590
212 1759
1814 323
458 149
224 100
802 103
753 3075
981 176
1442 659
1487 1093
2541 476
112 92
45 277
343 559
368 701
1188 1707
260 200
219 7
56 367
132 79
685 364
165 187
147 311
259 225 29
8 243
2154 339
108 515
2154 338
526 573
753 1590
406 429
103 108
108 103
368 128
240 166
466 789
149 458
706 386
1048 1049
310 38
188 427
330 365
103 980
45 258
80 38
82 311
81 264
386 2162
386 2163
18 2260 2174
225 754
365 75
2199 224
173 254
556 212
2260 2174 18
7 147
75 365
1464 231
325 872
27 80
476 7
666 1478
356 36
65 175 339
52 38 100
212 500
365 386 116
1026 267
38 78
26 652
7 332
162 1304
1319 65
668 1707
26 1124
200 172
138 338 446
1997 365
754 59
823 110
52 365 26
7 507
152 727 251
446 338
7 701
231 85
52 2175
518 26
386 2162 2163
1672 103
1757 216
1267 441
1550 259
2174 212
259 103
139 138
339 100
284 159
75 38
1294 367
649 685
179 560
811 428
466 323
239 138
974 1123
258 437
38 52
150 441
2173 365
2260 2174 103
414 36 356
26 1142
335 595
65 413
27 26 100
386 94 998
559 208
258 1954 18
476 361
356 1377
277 503
603 661
1040 65
803 338
116 365 386
405 392
358 64
7 306
356 159
103 1672
368 701 7
100 224
1269 620
165 365
500 212
332 7
754 26
508 649
110 109
369 83
92 259
100 260
59 754
331 332
101 178
27 188
311 147
365 991
754 18
338 620
365 26 52
386 998
85 231
998 311
253 172
754 339
64 800
365 26
429 259
2402 103
829 29
419 292
38 310
178 177
802 334 1136
823 277
220 7
64 162
220 499
383 173
998 521
258 1954 38
386 706
500 81
586 38 100
620 386
187 165 365
2521 110
476 323 7
1728 21
3926 1590
1473 175
1599 2154
138 685 377
127 65
1972 365
2260 2174
224 1790
224 27
131 173
32 549
128 368
200 386
248 258
103 2284
338 446
625 358
38 100
1870 1319
625 354
88 207
476 323
212 556
386 365
578 754
212 115 81
38 80
26 666
1136 162
249 1375 81
103 2271
802 334
2157 228 38
620 361
557 558
162 1136
306 7
248 249
187 46
775 292
3075 1395
414 415 65
3161 80
1973 372
489 492
258 248
1599 365
1883 162
480 961
748 2261
595 216
220 576
429 406
603 1178
885 111
331 159 365
354 625
3209 2271 1135
586 365
100 175
1814 1814 323
103 2188
162 1389
326 83
419 921
254 103
413 65
220 265
1395 3075
100 181
1640 1894
172 200
368 1813
526 32
338 166
3892 83
65 1319
141 344
365 2154
829 1617
53 103
1309 2278
208 26
220 594
64 514
316 365
250 12
429 220
668 365 441
338 159
446 620
2919 4079
974 1123 84
461 103
338 803
21 7
365 2169
50 212
1710 2060
443 466 323
30 175
29 103
64 311
1719 28
81 212 115
376 831
334 1136
386 220
138 219
594 1631
365 2173
152 727
339 620
466 148
2919 3896
917 2135
748 185
38 586
1326 1314
365 904
395 188
690 526
5 1003
159 284
1124 26
1568 110
7 355 26
365 224
33 311
103 373
81 212 34
921 419
7 1533
284 110
27 507
492 103
65 1583
1911 668
921 84
392 65
187 807
2375 365
386 200
26 200
408 212
365 441
18 618
595 2154
128 26
26 208
548 111
1495 103
1377 356
422 176
493 311
26 754 339
914 361
323 411
18 620
30 141
30 365
351 284
115 114
138 239
621 220
36 103 108
166 2374
27 80 38
1099 284
377 685
668 666
103 399
429 470
26 219
141 506
616 162
2157 228
365 258 1954
64 358
92 93
258 2352
532 290
65 1828
365 26 224
49 428
38 100 224
1157 1134
5 141 506
526 92 259
132 81 79
526 323
292 77
1219 365
991 365
101 26 128
230 1129
1285 365
1401 666
1000 620
112 998
292 84
243 8
877 179
647 84
111 1505
51 501
179 877
974 207
620 18
45 727
187 150
346 983
365 1997
877 365
1273 2260 2174
829 29 175
666 26
789 100
1079 859
4154 4155 1590
337 38
81 1142
177 178
110 823
1147 365
599 404
18 138 618
1408 323
526 111
259 1599
365 1394
365 1599
212 115
1207 766 365
2173 1957
52 653
148 789
92 112 172
2162 998 386
128 73
0 168
27 26
526 65
575 556
5 43
187 165
212 50
258 45
174 173
1752 484
12 351
77 292
2162 998
162 64
323 466
207 265
26 39
2162 706
265 207
213 188
342 162
411 323
121 175
576 181
443 466
1169 200 386
284 799
45 306
7 138 394
1433 361
2919 753
26 3
364 652 7
38 2210
766 1207
919 1177
175 339 100
224 175
26 27
81 500
1061 306
103 1495
366 365
789 148
1568 26
378 100
1169 200
378 376
265 220
52 138
802 441
259 1550
526 92
64 607 38
284 1099
466 1928
1061 575
162 358
3896 3991
175 224
1314 1326
147 605
224 365
306 7 1061
55 499
0 121
998 112
414 36 84
2140 666
305 340
212 81
188 395
